# Ship Created on 18 October 2011 At: 15:41:16
# Ship Name
$Station Gamma 12
# AI Type
@5
# Ship Type
&3
#1
	5
		4
			0
			0
			0
			0
		4
			0
			0
			0
			0
		0
		4
			0
			0
			0
			0
	6
		0
		2
			0
			6
				2
					8
						5
							4
								0
								0
								0
								0
							0
							0
							0
						5
							4
								0
								0
								0
								0
							0
							0
							0
						0
						5
							4
								0
								0
								0
								0
							0
							0
							0
					0
					0
					0
				0
				2
					0
					0
					8
						0
						5
							0
							0
							4
								0
								0
								0
								0
							0
						5
							0
							0
							4
								0
								0
								0
								0
							0
						5
							0
							0
							4
								0
								0
								0
								0
							0
					0
				0
			0
			0
		0
		0
	6
		0
		4
			0
			0
			0
			0
		4
			0
			0
			0
			0
		4
			0
			0
			0
			0
	6
		0
		0
		0
		2
			0
			0
			0
			6
				2
					8
						5
							4
								0
								0
								0
								0
							0
							0
							0
						5
							4
								0
								0
								0
								0
							0
							0
							0
						0
						5
							4
								0
								0
								0
								0
							0
							0
							0
					0
					0
					0
				0
				2
					0
					0
					8
						0
						5
							0
							0
							4
								0
								0
								0
								0
							0
						5
							0
							0
							4
								0
								0
								0
								0
							0
						5
							0
							0
							4
								0
								0
								0
								0
							0
					0
				0
