# Ship Created on 18 October 2011 At: 15:41:16
# Ship Name
$Station Kilo 4
# AI Type
@5
# Ship Type
&3
#1
	2
		5
			7
				0
				0
				0
				0
			4
				3
					0
					0
					0
					0
				3
					0
					0
					0
					0
				0
				0
			0
			4
				3
					0
					0
					0
					0
				0
				0
				0
		0
		0
		0
	2
		0
		5
			4
				0
				3
					0
					0
					0
					0
				0
				0
			7
				0
				0
				0
				0
			4
				0
				3
					0
					0
					0
					0
				3
					0
					0
					0
					0
				0
			0
		0
		0
	2
		0
		0
		5
			0
			4
				0
				0
				3
					0
					0
					0
					0
				0
			7
				0
				0
				0
				0
			4
				0
				0
				3
					0
					0
					0
					0
				3
					0
					0
					0
					0
		0
	2
		0
		0
		0
		5
			4
				3
					0
					0
					0
					0
				0
				0
				3
					0
					0
					0
					0
			0
			4
				0
				0
				0
				3
					0
					0
					0
					0
			7
				0
				0
				0
				0
