# Ship Created on 14 October 2011 At: 12:18:28
# Ship Name
$K-type
# AI Type
@3
# Ship Type
&2
#1
	4
		9
			6
				2
					0
					0
					0
					0
				0
				0
				0
			3
				2
					0
					0
					0
					0
				0
				0
				0
			0
			3
				2
					0
					0
					0
					0
				0
				0
				0
		0
		0
		0
	4
		0
		9
			6
				2
					0
					0
					0
					0
				0
				0
				0
			6
				2
					0
					0
					0
					0
				0
				0
				0
			8
				0
				0
				7
					0
					0
					0
					0
				0
			0
		0
		0
	4
		0
		0
		9
			0
			9
				0
				0
				7
					0
					0
					0
					0
				0
			6
				0
				0
				7
					0
					0
					0
					0
				0
			9
				0
				0
				7
					0
					0
					0
					0
				0
		0
	4
		0
		0
		0
		9
			6
				2
					0
					0
					0
					0
				0
				0
				0
			0
			8
				0
				0
				7
					0
					0
					0
					0
				0
			6
				2
					0
					0
					0
					0
				0
				0
				0
